ROUGE-1: 0.12590799031476999
ROUGE-2: 0.01941747572815534
ROUGE-L: 0.06295399515738499
ROUGE-BE: 0.009389671361502348
BLEU: 1.303974495674442
