ROUGE-1: 0.13238770685579196
ROUGE-2: 0.009501187648456057
ROUGE-L: 0.08037825059101654
ROUGE-BE: 0.021739130434782608
BLEU: 0.6048259814054289
