ROUGE-1: 0.12903225806451613
ROUGE-2: 0.017985611510791366
ROUGE-L: 0.07885304659498209
ROUGE-BE: 0.04411764705882353
BLEU: 1.7416362527546843
