ROUGE-1: 0.1376281112737921
ROUGE-2: 0.014684287812041114
ROUGE-L: 0.06149341142020497
ROUGE-BE: 0
