ROUGE-1: 0.11981566820276499
ROUGE-2: 0.009302325581395349
ROUGE-L: 0.07373271889400922
ROUGE-BE: 0
