ROUGE-1: 0.17938931297709923
ROUGE-2: 0.019157088122605363
ROUGE-L: 0.0648854961832061
ROUGE-BE: 0.054421768707483
BLEU: 3.76131085447044
