ROUGE-1: 0.18922852983988353
ROUGE-2: 0.029197080291970805
ROUGE-L: 0.06404657933042213
ROUGE-BE: 0.0297029702970297
BLEU: 3.318066108726019
