ROUGE-1: 0.1675977653631285
ROUGE-2: 0.016853932584269666
ROUGE-L: 0.061452513966480445
ROUGE-BE: 0.06060606060606061
BLEU: 3.4447950981273054
