ROUGE-1: 0.1619047619047619
ROUGE-2: 0.009615384615384618
ROUGE-L: 0.07619047619047618
ROUGE-BE: 0.03571428571428572
