ROUGE-1: 0.19771863117870722
ROUGE-2: 0.026717557251908396
ROUGE-L: 0.07604562737642585
ROUGE-BE: 0.04081632653061225
