ROUGE-1: 0.2747688243064729
ROUGE-2: 0.07417218543046357
ROUGE-L: 0.1294583883751651
ROUGE-BE: 0.03571428571428572
BLEU: 3.8435299576546993
