ROUGE-1: 0.29670329670329665
ROUGE-2: 0.04419889502762431
ROUGE-L: 0.15384615384615385
ROUGE-BE: 0
BLEU: 4.636724878560888
