ROUGE-1: 0.205761316872428
ROUGE-2: 0.04126547455295736
ROUGE-L: 0.10973936899862828
ROUGE-BE: 0.015267175572519085
BLEU: 3.0517041045861397
