ROUGE-1: 0.20424403183023873
ROUGE-2: 0.03989361702127659
ROUGE-L: 0.09814323607427054
ROUGE-BE: 0.01408450704225352
