ROUGE-1: 0.2201834862385321
ROUGE-2: 0.037037037037037035
ROUGE-L: 0.11009174311926605
ROUGE-BE: 0
