ROUGE-1: 0.2649350649350649
ROUGE-2: 0.020887728459530026
ROUGE-L: 0.11948051948051948
ROUGE-BE: 0.06896551724137931
BLEU: 3.9312260502360443
