ROUGE-1: 0.2222222222222222
ROUGE-2: 0.044548651817116064
ROUGE-L: 0.10058479532163743
ROUGE-BE: 0.06278026905829596
BLEU: 3.3396615263208824
