ROUGE-1: 0.21271393643031786
ROUGE-2: 0.04411764705882353
ROUGE-L: 0.10024449877750612
ROUGE-BE: 0.0373134328358209
BLEU: 3.4875304553532236
