ROUGE-1: 0.13402061855670103
ROUGE-2: 0.010416666666666666
ROUGE-L: 0.10309278350515465
ROUGE-BE: 0.08955223880597013
