ROUGE-1: 0.22884386174016685
ROUGE-2: 0.050179211469534045
ROUGE-L: 0.10250297973778309
ROUGE-BE: 0.06140350877192983
