ROUGE-1: 0.24774774774774774
ROUGE-2: 0.04524886877828054
ROUGE-L: 0.1036036036036036
ROUGE-BE: 0.015503875968992248
BLEU: 2.357213079023629
