ROUGE-1: 0.21359223300970873
ROUGE-2: 0.0340632603406326
ROUGE-L: 0.07766990291262135
ROUGE-BE: 0.020618556701030927
BLEU: 1.3063174671257418
