ROUGE-1: 0.21773288439955107
ROUGE-2: 0.04274465691788527
ROUGE-L: 0.07856341189674522
ROUGE-BE: 0.01702127659574468
BLEU: 2.280115729662353
