ROUGE-1: 0.16666666666666669
ROUGE-2: 0.019801980198019802
ROUGE-L: 0.09803921568627451
ROUGE-BE: 0
