ROUGE-1: 0.24257425742574257
ROUGE-2: 0.052109181141439205
ROUGE-L: 0.08663366336633664
ROUGE-BE: 0.01932367149758454
