ROUGE-1: 0.35531135531135527
ROUGE-2: 0.18014705882352944
ROUGE-L: 0.22710622710622708
ROUGE-BE: 0.039603960396039604
BLEU: 12.948996277776237
