ROUGE-1: 0.3691148775894539
ROUGE-2: 0.15879017013232513
ROUGE-L: 0.2071563088512241
ROUGE-BE: 0.01941747572815534
BLEU: 8.622673850898906
