ROUGE-1: 0.2472527472527473
ROUGE-2: 0.04419889502762431
ROUGE-L: 0.12637362637362637
ROUGE-BE: 0.026666666666666665
BLEU: 1.1191576997012451
