ROUGE-1: 0.35547576301615796
ROUGE-2: 0.15495495495495495
ROUGE-L: 0.19748653500897667
ROUGE-BE: 0.03508771929824561
