ROUGE-1: 0.2845528455284553
ROUGE-2: 0.10655737704918034
ROUGE-L: 0.17886178861788618
ROUGE-BE: 0.04878048780487805
