ROUGE-1: 0.15775401069518716
ROUGE-2: 0.024128686327077747
ROUGE-L: 0.08823529411764706
ROUGE-BE: 0.018264840182648404
BLEU: 2.2249122912830894
