ROUGE-1: 0.200445434298441
ROUGE-2: 0.022371364653243853
ROUGE-L: 0.0979955456570156
ROUGE-BE: 0.015384615384615384
BLEU: 0.6688324699072404
