ROUGE-1: 0.17480719794344474
ROUGE-2: 0.01804123711340206
ROUGE-L: 0.07712082262210798
ROUGE-BE: 0.01785714285714286
BLEU: 2.2257471982799353
