ROUGE-1: 0.18584070796460175
ROUGE-2: 0
ROUGE-L: 0.08849557522123895
ROUGE-BE: 0.03333333333333333
