ROUGE-1: 0.179144385026738
ROUGE-2: 0.0160857908847185
ROUGE-L: 0.0802139037433155
ROUGE-BE: 0.018779342723004695
