ROUGE-1: 0.2611190817790531
ROUGE-2: 0.060431654676258995
ROUGE-L: 0.10329985652797703
ROUGE-BE: 0.06896551724137932
BLEU: 3.351852238140759
