ROUGE-1: 0.24222585924713588
ROUGE-2: 0.03940886699507389
ROUGE-L: 0.12111292962356794
ROUGE-BE: 0.0875912408759124
BLEU: 0.6258341848525537
