ROUGE-1: 0.225130890052356
ROUGE-2: 0.052631578947368425
ROUGE-L: 0.10471204188481675
ROUGE-BE: 0
BLEU: 0.9766135123222903
