ROUGE-1: 0.26300578034682087
ROUGE-2: 0.0608695652173913
ROUGE-L: 0.1069364161849711
ROUGE-BE: 0.05517241379310345
