ROUGE-1: 0.1459227467811159
ROUGE-2: 0.03463203463203463
ROUGE-L: 0.08583690987124463
ROUGE-BE: 0
