ROUGE-1: 0.11542730299667037
ROUGE-2: 0.031145717463848716
ROUGE-L: 0.05549389567147613
ROUGE-BE: 0.02912621359223301
BLEU: 1.6546637599735188
