ROUGE-1: 0.18880351262349065
ROUGE-2: 0.04840484048404841
ROUGE-L: 0.09001097694840834
ROUGE-BE: 0.0392156862745098
BLEU: 3.314409749968629
