ROUGE-1: 0.16431924882629106
ROUGE-2: 0.02830188679245283
ROUGE-L: 0.0892018779342723
ROUGE-BE: 0
BLEU: 2.497174655926113
