ROUGE-1: 0.11055276381909548
ROUGE-2: 0.02030456852791878
ROUGE-L: 0.06030150753768845
ROUGE-BE: 0
