ROUGE-1: 0.16993464052287582
ROUGE-2: 0.04148471615720524
ROUGE-L: 0.0784313725490196
ROUGE-BE: 0.029411764705882353
