ROUGE-1: 0.2822085889570552
ROUGE-2: 0.03285420944558522
ROUGE-L: 0.10224948875255623
ROUGE-BE: 0.05555555555555556
BLEU: 0.8251914512034871
