ROUGE-1: 0.20963172804532582
ROUGE-2: 0.005698005698005698
ROUGE-L: 0.06798866855524079
ROUGE-BE: 0.022471910112359546
BLEU: 0.6571357500262146
