ROUGE-1: 0.20963172804532582
ROUGE-2: 0.005698005698005698
ROUGE-L: 0.07932011331444759
ROUGE-BE: 0.021739130434782608
