ROUGE-1: 0.26576576576576577
ROUGE-2: 0.03619909502262443
ROUGE-L: 0.09009009009009009
ROUGE-BE: 0.07079646017699115
