ROUGE-1: 0.1913875598086124
ROUGE-2: 0.048
ROUGE-L: 0.08612440191387559
ROUGE-BE: 0.03092783505154639
BLEU: 2.782283012196218
