ROUGE-1: 0.21951219512195122
ROUGE-2: 0.04901960784313726
ROUGE-L: 0.11707317073170731
ROUGE-BE: 0.030769230769230767
BLEU: 3.430741106784068
