ROUGE-1: 0.21571238348868174
ROUGE-2: 0.07209612817089453
ROUGE-L: 0.09587217043941411
ROUGE-BE: 0.048
BLEU: 4.1437026550913165
