ROUGE-1: 0.18518518518518517
ROUGE-2: 0.056074766355140186
ROUGE-L: 0.12037037037037036
ROUGE-BE: 0.03125
