ROUGE-1: 0.2526636225266362
ROUGE-2: 0.08244274809160305
ROUGE-L: 0.11567732115677322
ROUGE-BE: 0.05504587155963302
