ROUGE-1: 0.26929982046678635
ROUGE-2: 0.06846846846846846
ROUGE-L: 0.15439856373429084
ROUGE-BE: 0.05084745762711864
BLEU: 0.675642687772188
