ROUGE-1: 0.14464534075104313
ROUGE-2: 0.04456824512534819
ROUGE-L: 0.07927677329624479
ROUGE-BE: 0.03498542274052478
BLEU: 1.5648077480207085
