ROUGE-1: 0.12811791383219953
ROUGE-2: 0.04426787741203178
ROUGE-L: 0.07709750566893424
ROUGE-BE: 0.03571428571428571
BLEU: 1.3547363566685091
