ROUGE-1: 0.2183406113537118
ROUGE-2: 0.05286343612334802
ROUGE-L: 0.09606986899563319
ROUGE-BE: 0
