ROUGE-1: 0.14423696072118483
ROUGE-2: 0.0490006447453256
ROUGE-L: 0.08499678042498392
ROUGE-BE: 0.04938271604938272
