ROUGE-1: 0.15179487179487178
ROUGE-2: 0.03288797533401849
ROUGE-L: 0.06974358974358974
ROUGE-BE: 0.024193548387096777
BLEU: 0.4215440612690016
