ROUGE-1: 0.1442411194833154
ROUGE-2: 0.019417475728155338
ROUGE-L: 0.05382131324004305
ROUGE-BE: 0.03555555555555555
BLEU: 1.1606530125567467
