ROUGE-1: 0.24203821656050956
ROUGE-2: 0.03411513859275054
ROUGE-L: 0.09766454352441611
ROUGE-BE: 0.019801980198019802
BLEU: 0.7478473787406232
