ROUGE-1: 0.1468253968253968
ROUGE-2: 0.03180914512922465
ROUGE-L: 0.06547619047619048
ROUGE-BE: 0.025316455696202535
