ROUGE-1: 0.14285714285714288
ROUGE-2: 0.009615384615384616
ROUGE-L: 0.0761904761904762
ROUGE-BE: 0.039999999999999994
