ROUGE-1: 0.21224489795918366
ROUGE-2: 0.06821282401091405
ROUGE-L: 0.11156462585034013
ROUGE-BE: 0
BLEU: 5.503011479332846
