ROUGE-1: 0.19289340101522842
ROUGE-2: 0.04591836734693878
ROUGE-L: 0.1015228426395939
ROUGE-BE: 0
BLEU: 5.320684249307766
