ROUGE-1: 0.18768328445747803
ROUGE-2: 0.05882352941176471
ROUGE-L: 0.10557184750733138
ROUGE-BE: 0
BLEU: 5.107898182086236
