ROUGE-1: 0.1506276150627615
ROUGE-2: 0.05063291139240506
ROUGE-L: 0.100418410041841
ROUGE-BE: 0
