ROUGE-1: 0.2139917695473251
ROUGE-2: 0.0687757909215956
ROUGE-L: 0.11522633744855967
ROUGE-BE: 0
