ROUGE-1: 0.23310023310023312
ROUGE-2: 0.02810304449648712
ROUGE-L: 0.10256410256410257
ROUGE-BE: 0.07142857142857144
BLEU: 2.4031816949682168
