ROUGE-1: 0.20769230769230768
ROUGE-2: 0.007751937984496124
ROUGE-L: 0.09999999999999999
ROUGE-BE: 0
BLEU: 3.528633366350247
