ROUGE-1: 0.22566371681415928
ROUGE-2: 0.022222222222222223
ROUGE-L: 0.09292035398230086
ROUGE-BE: 0.1212121212121212
BLEU: 5.259893275122675
