ROUGE-1: 0.08588957055214724
ROUGE-2: 0
ROUGE-L: 0.06134969325153374
ROUGE-BE: 0
