ROUGE-1: 0.23703703703703707
ROUGE-2: 0.014888337468982632
ROUGE-L: 0.1037037037037037
ROUGE-BE: 0.06976744186046513
