ROUGE-1: 0.23255813953488372
ROUGE-2: 0.05447470817120622
ROUGE-L: 0.10852713178294573
ROUGE-BE: 0.03773584905660377
BLEU: 4.149279772483506
