ROUGE-1: 0.2628571428571429
ROUGE-2: 0.05747126436781609
ROUGE-L: 0.10285714285714286
ROUGE-BE: 0.048192771084337345
BLEU: 5.32835545467639
