ROUGE-1: 0.27338129496402874
ROUGE-2: 0.07220216606498195
ROUGE-L: 0.10071942446043165
ROUGE-BE: 0.03571428571428571
BLEU: 5.224182651510489
