ROUGE-1: 0.2292490118577075
ROUGE-2: 0.05555555555555556
ROUGE-L: 0.1067193675889328
ROUGE-BE: 0.0425531914893617
