ROUGE-1: 0.12334801762114536
ROUGE-2: 0.035555555555555556
ROUGE-L: 0.08810572687224669
ROUGE-BE: 0.04
