ROUGE-1: 0.36503856041131105
ROUGE-2: 0.09819121447028425
ROUGE-L: 0.17480719794344474
ROUGE-BE: 0.05063291139240506
BLEU: 9.439409248696464
