ROUGE-1: 0.24193548387096772
ROUGE-2: 0.06148867313915858
ROUGE-L: 0.10322580645161289
ROUGE-BE: 0.03053435114503817
BLEU: 5.36975404810736
