ROUGE-1: 0.24100156494522693
ROUGE-2: 0.04709576138147566
ROUGE-L: 0.11580594679186229
ROUGE-BE: 0.015873015873015872
BLEU: 4.089349111163593
