ROUGE-1: 0.25559105431309903
ROUGE-2: 0.05448717948717949
ROUGE-L: 0.134185303514377
ROUGE-BE: 0.016260162601626018
