ROUGE-1: 0.21238938053097345
ROUGE-2: 0.044642857142857144
ROUGE-L: 0.10619469026548672
ROUGE-BE: 0.10810810810810811
