ROUGE-1: 0.17849462365591398
ROUGE-2: 0.0668103448275862
ROUGE-L: 0.0881720430107527
ROUGE-BE: 0.09433962264150941
BLEU: 5.860721581281738
