ROUGE-1: 0.195
ROUGE-2: 0.045226130653266326
ROUGE-L: 0.11499999999999999
ROUGE-BE: 0.05
BLEU: 6.402393627604835
