ROUGE-1: 0.21587301587301586
ROUGE-2: 0.11664899257688228
ROUGE-L: 0.10582010582010583
ROUGE-BE: 0.12182741116751268
BLEU: 7.294951697643116
