ROUGE-1: 0.2019128586609989
ROUGE-2: 0.10436634717784878
ROUGE-L: 0.09351753453772581
ROUGE-BE: 0.12307692307692306
