ROUGE-1: 0.1188118811881188
ROUGE-2: 0.02
ROUGE-L: 0.07920792079207921
ROUGE-BE: 0
