ROUGE-1: 0.16884661117717004
ROUGE-2: 0.019070321811680575
ROUGE-L: 0.08323424494649227
ROUGE-BE: 0.00829875518672199
BLEU: 2.9033420187079946
