ROUGE-1: 0.17204301075268816
ROUGE-2: 0.021621621621621623
ROUGE-L: 0.10215053763440861
ROUGE-BE: 0
BLEU: 0.8454520548735279
