ROUGE-1: 0.18023255813953487
ROUGE-2: 0.020408163265306124
ROUGE-L: 0.08430232558139535
ROUGE-BE: 0.019801980198019802
BLEU: 2.128134731339056
