ROUGE-1: 0.06862745098039215
ROUGE-2: 0
ROUGE-L: 0.06862745098039215
ROUGE-BE: 0
