ROUGE-1: 0.16019417475728154
ROUGE-2: 0.0072992700729927
ROUGE-L: 0.06796116504854369
ROUGE-BE: 0
