ROUGE-1: 0.24790619765494137
ROUGE-2: 0.07394957983193277
ROUGE-L: 0.11390284757118928
ROUGE-BE: 0.02666666666666667
BLEU: 4.185389048706117
