ROUGE-1: 0.2558746736292428
ROUGE-2: 0.06299212598425197
ROUGE-L: 0.11488250652741513
ROUGE-BE: 0.020202020202020204
BLEU: 4.28888840174899
