ROUGE-1: 0.24179620034542312
ROUGE-2: 0.05892547660311958
ROUGE-L: 0.11744386873920552
ROUGE-BE: 0.026490066225165563
BLEU: 3.5565297906973914
