ROUGE-1: 0.24775583482944347
ROUGE-2: 0.06126126126126125
ROUGE-L: 0.12567324955116696
ROUGE-BE: 0.013245033112582781
