ROUGE-1: 0.2510822510822511
ROUGE-2: 0.07860262008733623
ROUGE-L: 0.10389610389610389
ROUGE-BE: 0
