ROUGE-1: 0.32463768115942027
ROUGE-2: 0.08746355685131196
ROUGE-L: 0.1739130434782609
ROUGE-BE: 0.05
BLEU: 11.603362114829501
