ROUGE-1: 0.34736842105263155
ROUGE-2: 0.15845070422535212
ROUGE-L: 0.1894736842105263
ROUGE-BE: 0.05673758865248227
BLEU: 14.582701153930175
