ROUGE-1: 0.2970639032815199
ROUGE-2: 0.10051993067590988
ROUGE-L: 0.15889464594127806
ROUGE-BE: 0.015873015873015876
BLEU: 9.015405492333556
