ROUGE-1: 0.3350427350427351
ROUGE-2: 0.13036020583190394
ROUGE-L: 0.17777777777777778
ROUGE-BE: 0.062015503875969
