ROUGE-1: 0.20754716981132076
ROUGE-2: 0.08571428571428572
ROUGE-L: 0.14150943396226415
ROUGE-BE: 0.05405405405405406
