ROUGE-1: 0.12890625
ROUGE-2: 0
ROUGE-L: 0.062499999999999986
ROUGE-BE: 0.015037593984962407
BLEU: 0.32716344909102896
