ROUGE-1: 0.16201117318435754
ROUGE-2: 0.011235955056179775
ROUGE-L: 0.07262569832402235
ROUGE-BE: 0.02040816326530612
BLEU: 0.5131206760369759
