ROUGE-1: 0.18181818181818185
ROUGE-2: 0.027210884353741496
ROUGE-L: 0.07598371777476255
ROUGE-BE: 0.01020408163265306
BLEU: 1.3788017854176997
