ROUGE-1: 0.16315049226441633
ROUGE-2: 0.02820874471086036
ROUGE-L: 0.07032348804500703
ROUGE-BE: 0.010362694300518135
