ROUGE-1: 0.1293532338308458
ROUGE-2: 0.04020100502512562
ROUGE-L: 0.09950248756218906
ROUGE-BE: 0
