ROUGE-1: 0.2317241379310345
ROUGE-2: 0.0636237897648686
ROUGE-L: 0.11310344827586205
ROUGE-BE: 0.08860759493670885
BLEU: 4.022505054292979
