ROUGE-1: 0.30849673202614375
ROUGE-2: 0.09436435124508517
ROUGE-L: 0.12026143790849673
ROUGE-BE: 0.0813953488372093
BLEU: 6.269143730006916
