ROUGE-1: 0.3556701030927835
ROUGE-2: 0.09326424870466321
ROUGE-L: 0.17010309278350516
ROUGE-BE: 0.1
BLEU: 8.5239254069835
