ROUGE-1: 0.24786324786324784
ROUGE-2: 0.06857142857142856
ROUGE-L: 0.10826210826210825
ROUGE-BE: 0.07017543859649124
