ROUGE-1: 0.1946902654867257
ROUGE-2: 0.06250000000000001
ROUGE-L: 0.1415929203539823
ROUGE-BE: 0.03125
