ROUGE-1: 0.27477477477477474
ROUGE-2: 0.06787330316742081
ROUGE-L: 0.14864864864864866
ROUGE-BE: 0.017543859649122806
BLEU: 5.933186077705467
