ROUGE-1: 0.19593345656192238
ROUGE-2: 0.06851851851851852
ROUGE-L: 0.11645101663585952
ROUGE-BE: 0.017777777777777774
BLEU: 4.322350539595612
