ROUGE-1: 0.18518518518518517
ROUGE-2: 0.0546875
ROUGE-L: 0.08576998050682261
ROUGE-BE: 0.008032128514056224
BLEU: 2.5242018070140224
