ROUGE-1: 0.19397363465160072
ROUGE-2: 0.06981132075471697
ROUGE-L: 0.1167608286252354
ROUGE-BE: 0.01694915254237288
