ROUGE-1: 0.1187214611872146
ROUGE-2: 0.06451612903225806
ROUGE-L: 0.1187214611872146
ROUGE-BE: 0
