ROUGE-1: 0.3403361344537815
ROUGE-2: 0.14345991561181434
ROUGE-L: 0.19747899159663868
ROUGE-BE: 0.06896551724137931
BLEU: 10.601457120159562
