ROUGE-1: 0.2979942693409742
ROUGE-2: 0.1037463976945245
ROUGE-L: 0.21203438395415472
ROUGE-BE: 0.03125
BLEU: 8.216539766077286
