ROUGE-1: 0.34745762711864403
ROUGE-2: 0.15744680851063828
ROUGE-L: 0.22033898305084745
ROUGE-BE: 0.09195402298850575
BLEU: 11.832093684431047
