ROUGE-1: 0.20491803278688525
ROUGE-2: 0.0743801652892562
ROUGE-L: 0.13114754098360656
ROUGE-BE: 0.04444444444444444
