ROUGE-1: 0.324853228962818
ROUGE-2: 0.1257367387033399
ROUGE-L: 0.18003913894324855
ROUGE-BE: 0.04210526315789474
