ROUGE-1: 0.2697576396206533
ROUGE-2: 0.0802534318901795
ROUGE-L: 0.11591148577449947
ROUGE-BE: 0.04807692307692307
BLEU: 3.6222497523542123
