ROUGE-1: 0.2867132867132867
ROUGE-2: 0.05263157894736842
ROUGE-L: 0.10489510489510488
ROUGE-BE: 0
BLEU: 2.918425466345686
