ROUGE-1: 0.23892100192678228
ROUGE-2: 0.07142857142857144
ROUGE-L: 0.0770712909441233
ROUGE-BE: 0.05309734513274337
BLEU: 4.070776084334252
