ROUGE-1: 0.24517374517374516
ROUGE-2: 0.07350096711798838
ROUGE-L: 0.10231660231660232
ROUGE-BE: 0.035398230088495575
