ROUGE-1: 0.1986301369863014
ROUGE-2: 0.020689655172413796
ROUGE-L: 0.10273972602739727
ROUGE-BE: 0
