ROUGE-1: 0.1365953109072375
ROUGE-2: 0.03268641470888662
ROUGE-L: 0.06931702344546382
ROUGE-BE: 0.011834319526627219
BLEU: 3.5923826920388136
