ROUGE-1: 0.1640625
ROUGE-2: 0.031331592689295036
ROUGE-L: 0.07291666666666666
ROUGE-BE: 0.06666666666666667
BLEU: 3.90532402408242
