ROUGE-1: 0.19780219780219782
ROUGE-2: 0.008830022075055188
ROUGE-L: 0.08351648351648353
ROUGE-BE: 0
BLEU: 2.437182316714003
