ROUGE-1: 0.1383399209486166
ROUGE-2: 0.02970297029702971
ROUGE-L: 0.0691699604743083
ROUGE-BE: 0.024999999999999998
