ROUGE-1: 0.10666666666666666
ROUGE-2: 0
ROUGE-L: 0.07111111111111111
ROUGE-BE: 0
