ROUGE-1: 0.21307506053268765
ROUGE-2: 0.048661800486618
ROUGE-L: 0.10653753026634383
ROUGE-BE: 0.01652892561983471
BLEU: 3.485369622816229
