ROUGE-1: 0.19499341238471674
ROUGE-2: 0.050198150594451776
ROUGE-L: 0.09749670619235837
ROUGE-BE: 0.027522935779816512
BLEU: 3.2222993372105275
