ROUGE-1: 0.17521902377972465
ROUGE-2: 0.050188205771643665
ROUGE-L: 0.09261576971214017
ROUGE-BE: 0.019230769230769232
BLEU: 3.6317480378419043
