ROUGE-1: 0.18961038961038962
ROUGE-2: 0.052083333333333336
ROUGE-L: 0.1012987012987013
ROUGE-BE: 0.019138755980861243
