ROUGE-1: 0.20192307692307693
ROUGE-2: 0.05825242718446602
ROUGE-L: 0.15384615384615383
ROUGE-BE: 0
