ROUGE-1: 0.24367088607594936
ROUGE-2: 0.06031746031746032
ROUGE-L: 0.09177215189873418
ROUGE-BE: 0.010869565217391304
BLEU: 3.539891638463412
