ROUGE-1: 0.21484992101105843
ROUGE-2: 0.04754358161648178
ROUGE-L: 0.08846761453396523
ROUGE-BE: 0.011695906432748537
BLEU: 2.283604695931608
