ROUGE-1: 0.25436408977556113
ROUGE-2: 0.04511278195488722
ROUGE-L: 0.08977556109725685
ROUGE-BE: 0
BLEU: 3.3355071263250804
