ROUGE-1: 0.24143556280587278
ROUGE-2: 0.058919803600654665
ROUGE-L: 0.09787928221859707
ROUGE-BE: 0.01092896174863388
