ROUGE-1: 0.2100456621004566
ROUGE-2: 0.018433179723502304
ROUGE-L: 0.091324200913242
ROUGE-BE: 0
