ROUGE-1: 0.23142620541339087
ROUGE-2: 0.05587159663111613
ROUGE-L: 0.11121275734096268
ROUGE-BE: 0.03856587021655064
BLEU-1: 0.2250614734590319
BLEU-2: 0.11829274052157383
BLEU-nltk : 0.31618021588239115
