ROUGE-1: 0.2498739031750725
ROUGE-2: 0.05705758846900587
ROUGE-L: 0.11872339414043973
ROUGE-BE: 0.03689742119151659
BLEU-1: 0.26304353723172086
BLEU-2: 0.13255613638210428
BLEU-nltk : 0.34081316483798985
