ROUGE-1: 0.24912309514804548
ROUGE-2: 0.06074200384954978
ROUGE-L: 0.12229516667127231
ROUGE-BE: 0.03865092010724503
BLEU-1: 0.2735513946801236
BLEU-2: 0.13649106050197937
BLEU-nltk : 0.3730194274953849
