ROUGE-1: 0.21912285902498677
ROUGE-2: 0.061567697367193794
ROUGE-L: 0.10754412980943093
ROUGE-BE: 0.04255638413834309
BLEU-1: 0.17751753938638343
BLEU-2: 0.09975829588641454
BLEU-nltk : 0.22073190038174897
