ROUGE-1: 0.2181445299843063
ROUGE-2: 0.057300730208421115
ROUGE-L: 0.10321117243327778
ROUGE-BE: 0.037282698706863446
BLEU: 3.931041296946492
