ROUGE-1: 0.21778180788230167
ROUGE-2: 0.057117338404104406
ROUGE-L: 0.1026650488870945
ROUGE-BE: 0.04187659757761179
BLEU: 4.042215056181122
