ROUGE-1: 0.21814047532507588
ROUGE-2: 0.04259622927459015
ROUGE-L: 0.10031081479278013
ROUGE-BE: 0.016220586448172872
BLEU-1: 0.244067792273702
BLEU-2: 0.11527208360281525
BLEU-nltk : 0.34411126767254946
