ROUGE-1: 0.23811874465391042
ROUGE-2: 0.04480992640992814
ROUGE-L: 0.11542892601548092
ROUGE-BE: 0.02543155504214661
BLEU-1: 0.2729083021082924
BLEU-2: 0.12851685115121245
BLEU-nltk : 0.40513914890621555
