ROUGE-1: 0.23809929905931979
ROUGE-2: 0.04950101992420126
ROUGE-L: 0.11208855309323004
ROUGE-BE: 0.030751775799277802
BLEU-1: 0.25008808093777896
BLEU-2: 0.12287396175222207
BLEU-nltk : 0.3450863340913805
