ROUGE-1: 0.25449569149110784
ROUGE-2: 0.06771951074690227
ROUGE-L: 0.11807898413701355
ROUGE-BE: 0.046520040616240654
BLEU-1: 0.2109055763877151
BLEU-2: 0.11570302135397108
BLEU-nltk : 0.2708073551358931
